1691133500602 1.8352916910798338 0
1691133500603 1.7758394019377306 0
1691133500604 1.7179455829742127 0
1691133500605 1.6658494941956863 0
1691133500606 1.6185283450195136 0
1691133500606 1.576465175737817 0
1691133500607 1.5374359541156528 0
1691133500608 1.5038984105897875 0
1691133500609 1.4718754705476633 0
1691133500610 1.4422642094360127 0
1691133500611 1.4157369719501067 0
1691133500611 1.3902693593870599 0
1691133500612 1.366000354548131 0
1691133500613 1.3447984285659809 0
1691133500613 1.3251627615986996 0
1691133500614 1.3071253873195812 0
1691133500615 1.2895318352827523 0
1691133500616 1.2735534750342332 0
1691133500616 1.2583264513457637 0
1691133500617 1.2449405168662724 0
1691133500618 1.2319942291987378 0
1691133500618 1.2203019301038445 0
1691133500619 1.2091121639947302 0
1691133500620 1.1989631201222488 0
1691133500621 1.1886936673626165 0
1691133500621 1.1802424581168272 0
1691133500622 1.171321056134807 0
1691133500623 1.1625795620356107 0
1691133500623 1.1544781548794099 0
1691133500624 1.147772135852308 0
1691133500625 1.1408589201097084 0
1691133500625 1.1335639658717374 0
1691133500626 1.1266262398098101 0
1691133500627 1.120134947797034 0
1691133500628 1.1143152943218602 0
1691133500628 1.109235920380472 0
1691133500629 1.1042797726691824 0
1691133500630 1.098844330188588 0
1691133500631 1.0940875946752395 0
1691133500631 1.0891235383996927 0
1691133500632 1.0847032215728825 0
1691133500633 1.0793173508791825 0
1691133500633 1.0749213942064704 0
1691133500634 1.0701569649268532 0
1691133500635 1.0664699557037374 0
1691133500635 1.0616758655259064 0
1691133500636 1.056887382315686 0
1691133500637 1.0533533451462649 0
1691133500638 1.0504994480806868 0
1691133500638 1.046005114363731 0
1691133500639 1.041808273216355 0
1691133500640 1.0384853941236452 0
1691133500640 1.0348486478221197 0
1691133500641 1.0314230151302861 0
1691133500642 1.0278620662878752 0
1691133500643 1.0247418821218695 0
1691133500643 1.0222257454517443 0
1691133500644 1.0186002053755534 0
1691133500645 1.0153465382490678 0
1691133500645 1.0131322568820487 0
1691133500646 1.0109951198686622 0
1691133500647 1.0082391351860125 0
1691133500647 1.0054830230377674 0
1691133500648 1.0031014341707334 0
1691133500649 1.0003150487367676 0
1691133500650 0.9975246623632931 0
1691133500650 0.9958301683117724 0
1691133500651 0.9924977029490885 0
1691133500652 0.9908226739331015 0
1691133500652 0.9886329375055498 0
1691133500653 0.9861388752592681 0
1691133500654 0.9840199452786021 0
1691133500655 0.9821533188414031 0
1691133500655 0.980494476191943 0
1691133500656 0.9788183832385183 0
1691133500657 0.9771393863236791 0
1691133500657 0.9740636491493462 0
1691133500658 0.9718100836540814 0
1691133500659 0.9703608829640196 0
1691133500660 0.9673738486237194 0
1691133500660 0.96582420357074 0
1691133500661 0.9631096546693103 0
1691133500662 0.961299283155592 0
1691133500662 0.9590608544714192 0
1691133500663 0.9572586916826741 0
1691133500664 0.9554641657873052 0
1691133500665 0.9524322806040618 0
1691133500665 0.9503632691004362 0
1691133500666 0.9485272308407158 0
1691133500667 0.9462756612801676 0
1691133500668 0.9450562779924405 0
1691133500668 0.9435779355291608 0
1691133500669 0.9417552741470363 0
1691133500670 0.9400386070139867 0
1691133500670 0.9375108077741257 0
1691133500671 0.9360314175857658 0
1691133500672 0.933687244173581 0
1691133500673 0.9317051559191278 0
1691133500673 0.9284221129923619 0
1691133500674 0.9260676226164954 0
