1691131076859 1.8874448247187208 0
1691131076860 1.8744538851299597 0
1691131076861 1.861758249613151 0
1691131076861 1.849219960393389 0
1691131076862 1.8368741135360702 0
1691131076863 1.8248640768776567 0
1691131076863 1.8129914456897853 0
1691131076864 1.8012654592461794 0
1691131076864 1.7896128210040283 0
1691131076865 1.7783673878202204 0
1691131076866 1.7673299929337214 0
1691131076867 1.7566353191512065 0
1691131076867 1.7462210672464926 0
1691131076868 1.7357676285030086 0
1691131076869 1.7254311450656765 0
1691131076869 1.7151987755112574 0
1691131076870 1.704728007789273 0
1691131076871 1.694905100066607 0
1691131076871 1.6852938582085515 0
1691131076872 1.6753565650194822 0
1691131076873 1.6656515885194707 0
1691131076873 1.6566553330561644 0
1691131076874 1.6478046639456785 0
1691131076875 1.6388195446897125 0
1691131076876 1.6302492496839562 0
1691131076877 1.6216062840205365 0
1691131076877 1.6133451443055684 0
1691131076878 1.6046783671545939 0
1691131076879 1.5968414185590183 0
1691131076879 1.58894802252021 0
1691131076880 1.5806550682211842 0
1691131076881 1.5724764220371081 0
1691131076882 1.5651381272651836 0
1691131076883 1.5579461863348207 0
1691131076884 1.5508436481962389 0
1691131076885 1.543852761525971 0
1691131076886 1.5366377476818327 0
1691131076887 1.52914966158761 0
1691131076888 1.5218262220996555 0
1691131076889 1.5147572763273731 0
1691131076891 1.5078670110587529 0
1691131076892 1.5011913369625876 0
1691131076892 1.4945119136512524 0
1691131076893 1.4878097507657007 0
1691131076894 1.4813279339140386 0
1691131076894 1.4749748659563302 0
1691131076895 1.4686369885900998 0
1691131076896 1.462412495578146 0
1691131076896 1.4563570250753197 0
1691131076897 1.4504600029202301 0
1691131076898 1.4447231279901318 0
1691131076898 1.4391064475835431 0
1691131076899 1.433602246312858 0
1691131076900 1.4281056243757067 0
1691131076900 1.4226932427165473 0
1691131076901 1.417292282424918 0
1691131076902 1.4120188403334621 0
1691131076902 1.4069047566661563 0
1691131076903 1.4017765124322747 0
1691131076903 1.3966840086733479 0
1691131076904 1.3917562993032726 0
1691131076905 1.3868446813184259 0
1691131076905 1.3820571288160088 0
1691131076906 1.377317199012645 0
1691131076907 1.3726270925939954 0
1691131076907 1.3681721800743716 0
1691131076908 1.3636361990073125 0
1691131076909 1.3592426932911865 0
1691131076909 1.3549870853090449 0
1691131076910 1.350656090405508 0
1691131076911 1.3464542379530755 0
1691131076911 1.3421160087440505 0
1691131076912 1.3380972964469202 0
1691131076913 1.3340223561838938 0
1691131076913 1.3301735421181449 0
1691131076914 1.3262038408920707 0
1691131076915 1.3223036716513974 0
1691131076915 1.3186657467272789 0
1691131076916 1.3149487926929848 0
1691131076917 1.311301340856389 0
1691131076917 1.3078182230469826 0
1691131076918 1.3042580858992414 0
1691131076919 1.3007828202152283 0
1691131076919 1.2973634747972647 0
1691131076920 1.2940885126322876 0
1691131076921 1.2908152631361398 0
1691131076921 1.287459428425295 0
1691131076922 1.2842442807903371 0
1691131076922 1.2811255902145906 0
1691131076923 1.2780026399389488 0
1691131076924 1.274730948576473 0
1691131076924 1.2716213711176545 0
1691131076925 1.2686956764265502 0
1691131076926 1.2655940142268272 0
1691131076926 1.262697731615922 0
1691131076927 1.259768174044502 0
1691131076928 1.2568896843366497 0
1691131076928 1.2540962672628795 0
1691131076929 1.2512569803936784 0
1691131076930 1.248612466308512 0
