1691133492214 1.8427666342075883 0
1691133492215 1.7851953635304365 0
1691133492215 1.7367357558102297 0
1691133492216 1.6928737214942895 0
1691133492217 1.6517476624102827 0
1691133492218 1.6141097416949215 0
1691133492218 1.579772274690459 0
1691133492219 1.545758370271813 0
1691133492220 1.5147605965000703 0
1691133492221 1.4868491467096498 0
1691133492221 1.4604629359488288 0
1691133492222 1.4364475767493583 0
1691133492223 1.415017928882782 0
1691133492224 1.3943406715457751 0
1691133492224 1.3759121869586286 0
1691133492225 1.3593649573622113 0
1691133492226 1.3438857519476979 0
1691133492226 1.330068033204356 0
1691133492227 1.3169108003337324 0
1691133492228 1.3045721013633909 0
1691133492229 1.2927049935841635 0
1691133492229 1.2827094395221614 0
1691133492230 1.2729536622685986 0
1691133492230 1.2640681556451445 0
1691133492231 1.255419742342505 0
1691133492232 1.2468886502283003 0
1691133492232 1.2384210284939183 0
1691133492233 1.2312325995774733 0
1691133492234 1.22388862676338 0
1691133492235 1.2175665903463995 0
1691133492235 1.2111542269800477 0
1691133492236 1.2055976494306404 0
1691133492237 1.2007905694631387 0
1691133492237 1.1957018487457283 0
1691133492238 1.1905193218092056 0
1691133492239 1.186008217484627 0
1691133492239 1.1806940022387977 0
1691133492240 1.1768769009465534 0
1691133492241 1.17301195159158 0
1691133492241 1.1689959616344734 0
1691133492242 1.1645265769701898 0
1691133492243 1.1611591580595044 0
1691133492243 1.15802284010784 0
1691133492244 1.1538140062521194 0
1691133492245 1.1509966515668801 0
1691133492245 1.1476127284532103 0
1691133492246 1.144130915293982 0
1691133492247 1.1413418433897407 0
1691133492247 1.138415003129631 0
1691133492248 1.1356950421230187 0
1691133492249 1.1326467934795037 0
1691133492249 1.1289545480008505 0
1691133492250 1.126761342154277 0
1691133492251 1.1244595659178789 0
1691133492251 1.1219054749429562 0
1691133492252 1.1196762512553002 0
1691133492253 1.1178468970402284 0
1691133492254 1.1145125583792108 0
1691133492254 1.1120432667664277 0
1691133492255 1.109655615343974 0
1691133492256 1.1078899231389647 0
1691133492256 1.105878418824797 0
1691133492257 1.1038720175288947 0
1691133492258 1.10197507498829 0
1691133492259 1.0991853984351607 0
1691133492260 1.0962857225735803 0
1691133492260 1.0945589928090618 0
1691133492261 1.09325394507921 0
1691133492262 1.0909781748258987 0
1691133492262 1.0891945535232175 0
1691133492263 1.087394767850104 0
1691133492264 1.086031554542344 0
1691133492264 1.0848623779572786 0
1691133492265 1.0826742105882785 0
1691133492266 1.0815573651905404 0
1691133492266 1.0798780399038486 0
1691133492267 1.0783465604087485 0
1691133492267 1.0770086760539506 0
1691133492268 1.0751340885618825 0
1691133492269 1.0730811656746424 0
1691133492270 1.0720630919556322 0
1691133492270 1.0702599217583344 0
1691133492271 1.0694687812523571 0
1691133492272 1.0671644942798129 0
1691133492272 1.065627412503916 0
1691133492273 1.064535005140038 0
1691133492274 1.0626649125296534 0
1691133492274 1.0620310449042063 0
1691133492275 1.0601631607305095 0
1691133492276 1.058833753880155 0
1691133492276 1.0581052505462587 0
1691133492277 1.0570642029681392 0
1691133492278 1.055917888352514 0
1691133492278 1.054251986835814 0
1691133492279 1.0530968836124976 0
1691133492280 1.0522624639154006 0
1691133492280 1.0511129433240525 0
1691133492281 1.050161907964084 0
1691133492282 1.0488252661561959 0
1691133492282 1.0471126623675866 0
