1691133007241 1.8413294439323216 0
1691133007242 1.7875684296541698 0
1691133007242 1.7376033845445795 0
1691133007243 1.6931444936584503 0
1691133007244 1.6488090652522596 0
1691133007245 1.6085883325784072 0
1691133007245 1.5720516889862646 0
1691133007246 1.5386369104601103 0
1691133007247 1.508705787067093 0
1691133007247 1.480879302810423 0
1691133007248 1.4557177334689029 0
1691133007249 1.4330119744780314 0
1691133007249 1.4119737121623934 0
1691133007250 1.3922696734883595 0
1691133007251 1.3743169957683332 0
1691133007251 1.357860893270265 0
1691133007252 1.3426453358340646 0
1691133007253 1.3283633691641006 0
1691133007254 1.3155185973045236 0
1691133007254 1.303200626583284 0
1691133007255 1.2909727935132507 0
1691133007256 1.2805859871029663 0
1691133007256 1.2703816608407925 0
1691133007257 1.2614415711060496 0
1691133007258 1.252503460380479 0
1691133007258 1.2442572192420511 0
1691133007259 1.2368588021180666 0
1691133007260 1.229759425422569 0
1691133007261 1.2231558771717983 0
1691133007261 1.2168435935304915 0
1691133007262 1.2108798828028033 0
1691133007263 1.2054174123920502 0
1691133007263 1.1994158477152495 0
1691133007264 1.1939355403276803 0
1691133007265 1.188604122591688 0
1691133007266 1.1839012877282873 0
1691133007266 1.1795340945879738 0
1691133007267 1.1742097814737136 0
1691133007268 1.16971043799185 0
1691133007268 1.1660671054038552 0
1691133007269 1.1625143586046958 0
1691133007270 1.1584193271264946 0
1691133007271 1.1549092050922576 0
1691133007271 1.1511283281006983 0
1691133007272 1.147807138396968 0
1691133007273 1.1447644262211303 0
1691133007273 1.1419766588183176 0
1691133007274 1.139135112760788 0
1691133007275 1.1355915872836047 0
1691133007276 1.1326059485849118 0
1691133007276 1.1304628336738076 0
1691133007277 1.1279015727000903 0
1691133007278 1.1243262325292676 0
1691133007278 1.1220589375027337 0
1691133007279 1.1198018642048548 0
1691133007280 1.1169877655668887 0
1691133007281 1.1150972237850993 0
1691133007281 1.1126791344642042 0
1691133007282 1.1098450829166882 0
1691133007283 1.1071411358784378 0
1691133007283 1.1054757853551571 0
1691133007284 1.103922207020837 0
1691133007285 1.1015865728489052 0
1691133007285 1.099887094986581 0
1691133007286 1.0975429380560482 0
1691133007287 1.0962344532233057 0
1691133007287 1.094805435881036 0
1691133007288 1.0929602431723586 0
1691133007289 1.0908195749338705 0
1691133007289 1.0887493485056772 0
1691133007290 1.086407342389288 0
1691133007291 1.0852461977789776 0
1691133007291 1.0833560184492168 0
1691133007292 1.0820200606053256 0
1691133007293 1.0804781668301646 0
1691133007293 1.0789922934557568 0
1691133007294 1.0772450602531873 0
1691133007295 1.07601127407489 0
1691133007296 1.0747223880460517 0
1691133007296 1.0735384138293267 0
1691133007297 1.0720247137689694 0
1691133007298 1.070783154961357 0
1691133007298 1.0690315429487567 0
1691133007299 1.0679098758902406 0
1691133007300 1.0666687254441687 0
1691133007300 1.0651780142723766 0
1691133007301 1.064369081309919 0
1691133007302 1.0618669611866438 0
1691133007303 1.0611289122557355 0
1691133007303 1.0587534034969133 0
1691133007304 1.056692812711204 0
1691133007305 1.0560359929508665 0
1691133007305 1.054723034901055 0
1691133007306 1.0536107096799188 0
1691133007307 1.0526681059071354 0
1691133007307 1.0515190917243904 0
1691133007308 1.0495778630756136 0
1691133007309 1.0471844309941045 0
1691133007309 1.0459452980806658 0
1691133007310 1.0448033442490179 0
