1691133481407 1.887346580897188 0
1691133481408 1.8741873476802975 0
1691133481409 1.8612857197686181 0
1691133481409 1.8486023757375332 0
1691133481410 1.8362024885124666 0
1691133481411 1.8240119605763552 0
1691133481411 1.8120923899458452 0
1691133481412 1.8003934771276568 0
1691133481413 1.7888123284129 0
1691133481414 1.7774236152167595 0
1691133481414 1.766342046613704 0
1691133481415 1.7553451512778395 0
1691133481416 1.7445327396756263 0
1691133481416 1.7339360198796605 0
1691133481417 1.7235979739859868 0
1691133481418 1.7133515897857745 0
1691133481418 1.7032727469431257 0
1691133481419 1.6935143153927494 0
1691133481420 1.6838250073334213 0
1691133481421 1.6743555304880668 0
1691133481421 1.665065860989205 0
1691133481422 1.6559814475746324 0
1691133481423 1.64703160665543 0
1691133481424 1.6383018853056825 0
1691133481424 1.6296031346178006 0
1691133481425 1.6211543265074857 0
1691133481426 1.612716875910331 0
1691133481427 1.6045912085602005 0
1691133481427 1.5959031741036305 0
1691133481428 1.5873829386784062 0
1691133481429 1.579033910761821 0
1691133481430 1.57084610190604 0
1691133481430 1.5628225444771695 0
1691133481431 1.5549509398696695 0
1691133481432 1.5472333101269677 0
1691133481433 1.539667525975673 0
1691133481433 1.5322709913987413 0
1691133481434 1.5250201175665958 0
1691133481435 1.5178868595709942 0
1691133481436 1.510889898763959 0
1691133481437 1.5040239578028445 0
1691133481438 1.4972921233853524 0
1691133481439 1.4907159127451763 0
1691133481440 1.4842432977144433 0
1691133481442 1.4779195931385787 0
1691133481443 1.4716630973096572 0
1691133481444 1.4655510277072454 0
1691133481445 1.4595392186866099 0
1691133481445 1.4536115364106985 0
1691133481446 1.4476255226488337 0
1691133481447 1.4419763047693255 0
1691133481448 1.4362191147447636 0
1691133481448 1.4305905351435226 0
1691133481449 1.4252241132520775 0
1691133481450 1.4198221767141823 0
1691133481450 1.4146041071699127 0
1691133481451 1.409398509980996 0
1691133481452 1.4043464694205736 0
1691133481452 1.3993541076465974 0
1691133481453 1.3944244340420942 0
1691133481454 1.3896896009518902 0
1691133481454 1.3848830693334144 0
1691133481455 1.3801955580985477 0
1691133481456 1.3756804671290765 0
1691133481456 1.3711628250930117 0
1691133481457 1.3668308844371295 0
1691133481458 1.3624658776809002 0
1691133481459 1.3581958493473372 0
1691133481459 1.3540823356349525 0
1691133481460 1.3499486562549747 0
1691133481461 1.3459006985904414 0
1691133481461 1.3419986522287224 0
1691133481462 1.3380491514399488 0
1691133481463 1.3341624070479792 0
1691133481463 1.3302692009230375 0
1691133481464 1.3265037172164955 0
1691133481465 1.3225474991342314 0
1691133481466 1.3189647840191883 0
1691133481466 1.3154114294703727 0
1691133481467 1.3116545094730458 0
1691133481468 1.308212857071339 0
1691133481468 1.3046246819625467 0
1691133481469 1.3011672101320821 0
1691133481470 1.2976298073754056 0
1691133481470 1.2943211710310583 0
1691133481471 1.291077445016317 0
1691133481472 1.2879366204148432 0
1691133481472 1.2846213768797723 0
1691133481473 1.2815214140874238 0
1691133481474 1.2784531817242502 0
1691133481475 1.2752985811203328 0
1691133481475 1.272305047257373 0
1691133481476 1.2694143643480322 0
1691133481477 1.2664044243069303 0
1691133481477 1.263249148097948 0
1691133481478 1.2601293564084328 0
1691133481479 1.2572674766138676 0
1691133481479 1.2544297523674222 0
1691133481480 1.2514288089310168 0
1691133481481 1.248700143778785 0
