1691131068668 1.8881617723252109 0
1691131068669 1.87761869485997 0
1691131068670 1.86614840353467 0
1691131068671 1.8549446401950695 0
1691131068672 1.8437686326325304 0
1691131068673 1.832289246996007 0
1691131068673 1.8217341219461838 0
1691131068674 1.8113053205863712 0
1691131068675 1.8011526294457978 0
1691131068676 1.7908232214543331 0
1691131068677 1.7809572817247923 0
1691131068678 1.7717809690549406 0
1691131068679 1.7620485030189095 0
1691131068679 1.751891785968091 0
1691131068680 1.7426896551164626 0
1691131068681 1.7336539342262962 0
1691131068682 1.7238309874847302 0
1691131068682 1.7142986999744798 0
1691131068683 1.705798397445124 0
1691131068684 1.6972851015339778 0
1691131068685 1.6890190566383854 0
1691131068685 1.6803184839378877 0
1691131068686 1.6722433410727202 0
1691131068687 1.6638864027934968 0
1691131068688 1.6561691837943995 0
1691131068689 1.6478834852176372 0
1691131068689 1.6403120956208956 0
1691131068690 1.632886366343519 0
1691131068691 1.625557746236732 0
1691131068692 1.6181224542104913 0
1691131068693 1.6107886234699889 0
1691131068694 1.60397611052995 0
1691131068694 1.5971984295495705 0
1691131068695 1.589932476223287 0
1691131068696 1.5828179782492766 0
1691131068697 1.5759444052717684 0
1691131068698 1.5691856390871308 0
1691131068699 1.5627173177929699 0
1691131068700 1.5562243992296083 0
1691131068701 1.5496816864239638 0
1691131068701 1.5432530659782426 0
1691131068702 1.537149299787264 0
1691131068703 1.5310766999194005 0
1691131068703 1.5252920473632154 0
1691131068704 1.5193860413334084 0
1691131068705 1.5135034454663527 0
1691131068706 1.5078178914765492 0
1691131068706 1.502128742032455 0
1691131068707 1.4966289685055645 0
1691131068708 1.491184610684997 0
1691131068709 1.4859073829025973 0
1691131068709 1.4808319449665535 0
1691131068710 1.4755615940209157 0
1691131068711 1.4705424391427662 0
1691131068712 1.465596408008517 0
1691131068712 1.4607462548758647 0
1691131068713 1.4561295050738532 0
1691131068714 1.4513506137978898 0
1691131068714 1.4467708905585461 0
1691131068715 1.4423486455773622 0
1691131068716 1.4379178186958745 0
1691131068717 1.4336138581670332 0
1691131068717 1.4292913580687339 0
1691131068718 1.4249878856778904 0
1691131068719 1.420837327010761 0
1691131068719 1.4167092923053783 0
1691131068720 1.4126007465787167 0
1691131068721 1.408611381821016 0
1691131068722 1.4047018423327429 0
1691131068722 1.400927043186522 0
1691131068723 1.3971931391554686 0
1691131068724 1.3935586620922442 0
1691131068724 1.3898517087703581 0
1691131068725 1.386119903610757 0
1691131068726 1.3825531900923251 0
1691131068727 1.3790817956342256 0
1691131068727 1.3756639006125924 0
1691131068728 1.37229636217281 0
1691131068729 1.369143271667348 0
1691131068729 1.3659280858904126 0
1691131068730 1.3628711250620582 0
1691131068731 1.3597262737660718 0
1691131068732 1.3565529193074666 0
1691131068732 1.3534836600948768 0
1691131068733 1.350448497486314 0
1691131068734 1.3474928836701408 0
1691131068734 1.3445082771997932 0
1691131068735 1.34161364430539 0
1691131068736 1.338831601190248 0
1691131068737 1.3360237815554532 0
1691131068737 1.3333390360419493 0
1691131068738 1.3305616022073024 0
1691131068739 1.327823255744316 0
1691131068740 1.3251074030060908 0
1691131068740 1.3225840581752657 0
1691131068741 1.3199180768546974 0
1691131068742 1.3174864035170208 0
1691131068743 1.3148298376780994 0
1691131068743 1.3124328357376238 0
1691131068744 1.3099137769842186 0
