1691131093013 1.835385012127206 0
1691131093014 1.7726723233524833 0
1691131093015 1.718585211110286 0
1691131093016 1.6686620229369418 0
1691131093016 1.6234314016213907 0
1691131093017 1.5796961611071945 0
1691131093018 1.53979200807231 0
1691131093019 1.5056653126473227 0
1691131093019 1.4716782517146847 0
1691131093020 1.442071139064602 0
1691131093021 1.4136305795711555 0
1691131093022 1.3871147231175311 0
1691131093022 1.3627025900681322 0
1691131093023 1.34151416991649 0
1691131093024 1.3219861127197605 0
1691131093024 1.3028091993113544 0
1691131093025 1.28517597910482 0
1691131093026 1.2697199631812457 0
1691131093027 1.254883122162699 0
1691131093027 1.2416793465631575 0
1691131093028 1.2290113566832113 0
1691131093029 1.2168066114433436 0
1691131093030 1.2054180576983653 0
1691131093030 1.194406043129386 0
1691131093031 1.1846375130232323 0
1691131093032 1.1761488180532689 0
1691131093033 1.1667408438574294 0
1691131093033 1.158354996205047 0
1691131093034 1.1507523492844023 0
1691131093035 1.1430488007404833 0
1691131093036 1.1351924453367106 0
1691131093037 1.128034409189912 0
1691131093038 1.1209157731626018 0
1691131093040 1.1149129546910341 0
1691131093042 1.1098436663100972 0
1691131093043 1.1049030941193978 0
1691131093044 1.099791703930263 0
1691131093046 1.0951736977800233 0
1691131093047 1.0894613586636905 0
1691131093048 1.083723690283347 0
1691131093050 1.0800417137384941 0
1691131093051 1.0750269658039653 0
1691131093052 1.0701698657511443 0
1691131093053 1.066308565466911 0
1691131093054 1.0614351867741323 0
1691131093056 1.0567156090822023 0
1691131093058 1.0533146487706666 0
1691131093059 1.0496657580791522 0
1691131093060 1.046991305216002 0
1691131093061 1.0426076103862636 0
1691131093062 1.0398929449289196 0
1691131093063 1.0362881927402487 0
1691131093065 1.0317215575832899 0
1691131093066 1.0286406686005023 0
1691131093067 1.0263008615703069 0
1691131093068 1.0225553816759583 0
1691131093069 1.0201951065587427 0
1691131093070 1.016890771340001 0
1691131093072 1.0141532615119595 0
1691131093074 1.0122757459337326 0
1691131093075 1.008864352621209 0
1691131093076 1.0054645522397858 0
1691131093078 1.0027919683227957 0
1691131093079 1.000100348288301 0
1691131093080 0.998288974355546 0
1691131093082 0.9963707378344568 0
1691131093084 0.9934768210802268 0
1691131093085 0.9907479909740124 0
1691131093086 0.988226122614932 0
1691131093087 0.9859368702190323 0
1691131093088 0.9837139441332087 0
1691131093089 0.9819881639782628 0
1691131093090 0.9798766760131583 0
1691131093091 0.9782097070510233 0
1691131093092 0.9749490142866402 0
1691131093094 0.9734048651943914 0
1691131093095 0.9712786545108066 0
1691131093096 0.9699779446709896 0
1691131093097 0.9677042773248288 0
1691131093098 0.9659056723366121 0
1691131093099 0.9647523655736437 0
1691131093100 0.9628051221440354 0
1691131093101 0.9608234580318091 0
1691131093102 0.9593183661154114 0
1691131093103 0.9576142132657602 0
1691131093105 0.9569971253893786 0
1691131093106 0.9543773668530233 0
1691131093107 0.9523891972787236 0
1691131093108 0.9518565325442097 0
1691131093109 0.9505098961210946 0
1691131093110 0.9497983522716625 0
1691131093111 0.9478460324781022 0
1691131093113 0.9444697389513419 0
1691131093114 0.9436094376102466 0
1691131093115 0.9420930298075462 0
1691131093116 0.9413544188912223 0
1691131093117 0.9405108264875431 0
1691131093118 0.9393810278217553 0
1691131093120 0.9373618777794865 0
1691131093121 0.9354135776784942 0
