1691131072910 1.887346580897188 0
1691131072911 1.8741873476802975 0
1691131072912 1.8612857197686181 0
1691131072913 1.8486023757375332 0
1691131072914 1.8362024885124666 0
1691131072915 1.8240119605763552 0
1691131072916 1.8120923899458452 0
1691131072916 1.8003934771276568 0
1691131072917 1.7888123284129 0
1691131072918 1.7774236152167595 0
1691131072918 1.766342046613704 0
1691131072919 1.7553451512778395 0
1691131072920 1.7445327396756263 0
1691131072921 1.7339360198796605 0
1691131072921 1.7235979739859868 0
1691131072922 1.713351589785774 0
1691131072923 1.7032727469431257 0
1691131072923 1.6935143153927494 0
1691131072925 1.6838250073334213 0
1691131072925 1.6743555304880668 0
1691131072926 1.665065860989205 0
1691131072927 1.6559814475746324 0
1691131072928 1.64703160665543 0
1691131072928 1.6383018853056825 0
1691131072929 1.6296031346178006 0
1691131072930 1.6211543265074853 0
1691131072931 1.612716875910331 0
1691131072931 1.6045912085602005 0
1691131072933 1.5959031741036305 0
1691131072934 1.5873829386784062 0
1691131072935 1.579033910761821 0
1691131072936 1.57084610190604 0
1691131072937 1.5628225444771695 0
1691131072937 1.5549509398696695 0
1691131072938 1.5472333101269677 0
1691131072939 1.539667525975673 0
1691131072940 1.5322709913987413 0
1691131072941 1.5250201175665958 0
1691131072942 1.5178868595709942 0
1691131072942 1.510889898763959 0
1691131072943 1.5040239578028445 0
1691131072944 1.4972921233853524 0
1691131072945 1.4907159127451763 0
1691131072945 1.4842432977144433 0
1691131072946 1.4779195931385787 0
1691131072947 1.4716630973096572 0
1691131072947 1.4655510277072454 0
1691131072948 1.4595392186866099 0
1691131072949 1.4536115364106985 0
1691131072950 1.4476255226488337 0
1691131072950 1.4419763047693253 0
1691131072951 1.4362191147447636 0
1691131072952 1.4305905351435226 0
1691131072953 1.4252241132520775 0
1691131072953 1.4198221767141823 0
1691131072954 1.4146041071699127 0
1691131072955 1.4093985099809958 0
1691131072955 1.4043464694205736 0
1691131072956 1.3993541076465974 0
1691131072957 1.3944244340420942 0
1691131072958 1.3896896009518902 0
1691131072958 1.3848830693334144 0
1691131072959 1.3801955580985477 0
1691131072960 1.3756804671290763 0
1691131072961 1.3711628250930117 0
1691131072962 1.3668308844371295 0
1691131072963 1.3624658776809002 0
1691131072964 1.3581958493473372 0
1691131072965 1.3540823356349525 0
1691131072966 1.3499486562549747 0
1691131072967 1.3459006985904414 0
1691131072969 1.3419986522287224 0
1691131072970 1.3380491514399488 0
1691131072971 1.3341624070479792 0
1691131072972 1.3302692009230375 0
1691131072973 1.3265037172164955 0
1691131072974 1.3225474991342314 0
1691131072975 1.3189647840191883 0
1691131072975 1.315411429470373 0
1691131072976 1.3116545094730458 0
1691131072977 1.308212857071339 0
1691131072977 1.3046246819625467 0
1691131072978 1.3011672101320821 0
1691131072979 1.2976298073754056 0
1691131072980 1.2943211710310583 0
1691131072980 1.291077445016317 0
1691131072981 1.2879366204148432 0
1691131072982 1.2846213768797723 0
1691131072983 1.2815214140874238 0
1691131072983 1.2784531817242502 0
1691131072984 1.275298581120333 0
1691131072985 1.272305047257373 0
1691131072986 1.2694143643480322 0
1691131072987 1.2664044243069303 0
1691131072987 1.263249148097948 0
1691131072988 1.2601293564084328 0
1691131072989 1.2572674766138676 0
1691131072989 1.2544297523674222 0
1691131072990 1.2514288089310168 0
1691131072991 1.248700143778785 0
