1691133018072 1.8360991179524342 0
1691133018073 1.7762359283402094 0
1691133018073 1.7226775337457618 0
1691133018074 1.6728050830158643 0
1691133018075 1.6271619545758051 0
1691133018076 1.585999008020684 0
1691133018076 1.5460634469294148 0
1691133018077 1.5109590859848019 0
1691133018078 1.4786035462321592 0
1691133018078 1.4498648648106183 0
1691133018079 1.4206334183403273 0
1691133018080 1.3950269878301589 0
1691133018081 1.3698082428981468 0
1691133018081 1.3490381644920149 0
1691133018082 1.3291999339942386 0
1691133018083 1.3101501137602714 0
1691133018083 1.2925575288664883 0
1691133018084 1.2757367746038177 0
1691133018085 1.2602328083160985 0
1691133018085 1.246369069478368 0
1691133018086 1.2328598344615165 0
1691133018087 1.2198862037014346 0
1691133018087 1.2084887941333737 0
1691133018088 1.197629341255466 0
1691133018089 1.187801209499405 0
1691133018090 1.1780523062912336 0
1691133018090 1.1696557129276737 0
1691133018091 1.1616005526296105 0
1691133018092 1.1538398253825157 0
1691133018092 1.1466438477778371 0
1691133018093 1.1391354938474259 0
1691133018094 1.1314516764261808 0
1691133018094 1.1244546114483387 0
1691133018095 1.119358505919614 0
1691133018096 1.112346057943868 0
1691133018096 1.1071456042578192 0
1691133018097 1.1017038685353984 0
1691133018098 1.096788618912902 0
1691133018099 1.092156236605565 0
1691133018099 1.0868968013825298 0
1691133018100 1.0819601302850523 0
1691133018101 1.0777572837428657 0
1691133018101 1.0732672257000706 0
1691133018102 1.0694485770388786 0
1691133018103 1.0654599342154019 0
1691133018103 1.0614203224757635 0
1691133018104 1.0573035025824995 0
1691133018105 1.0542746566827657 0
1691133018106 1.0513315518625355 0
1691133018106 1.0483108101192182 0
1691133018107 1.0447096054418612 0
1691133018108 1.0416664381717835 0
1691133018108 1.0387714370124812 0
1691133018109 1.0343017093110856 0
1691133018110 1.031729356131208 0
1691133018110 1.028739330142277 0
1691133018111 1.02536584006054 0
1691133018112 1.0226053597851725 0
1691133018113 1.0201161320324035 0
1691133018113 1.0168628627562482 0
1691133018114 1.0130409588498002 0
1691133018115 1.0104823637707365 0
1691133018115 1.0071807157286574 0
1691133018116 1.0044662499807122 0
1691133018117 1.0008574230154572 0
1691133018117 0.9972474882175508 0
1691133018118 0.9945920375704245 0
1691133018119 0.992268437440003 0
1691133018120 0.9897846119190477 0
1691133018120 0.9875309204513426 0
1691133018121 0.9854655853123353 0
1691133018122 0.9825043444856237 0
1691133018122 0.980551715233508 0
1691133018123 0.9784253542867793 0
1691133018124 0.9766017472731837 0
1691133018124 0.9744839221840896 0
1691133018125 0.9723821180808152 0
1691133018126 0.9708635870993118 0
1691133018127 0.9687556421721273 0
1691133018127 0.9660139058277794 0
1691133018128 0.9642780758820114 0
1691133018129 0.961927276648111 0
1691133018130 0.9600089784754217 0
1691133018131 0.9588124499301408 0
1691133018132 0.9579453689521896 0
1691133018133 0.9570531619108638 0
1691133018134 0.9542102151316264 0
1691133018135 0.9529995388453792 0
1691133018136 0.9510757599431106 0
1691133018137 0.9501537535673592 0
1691133018138 0.9487255407997276 0
1691133018139 0.9472554142131518 0
1691133018139 0.9443825529657716 0
1691133018140 0.9428083626048567 0
1691133018141 0.9400357652264827 0
1691133018141 0.9382979400680097 0
1691133018142 0.9353726720472986 0
1691133018143 0.9327365881168 0
1691133018144 0.9304733385669285 0
1691133018145 0.9279195290849149 0
