1691133473313 1.8886398269984055 0
1691133473314 1.8767488316605567 0
1691133473314 1.8650944671299308 0
1691133473316 1.8536769484626876 0
1691133473317 1.8424653694540627 0
1691133473318 1.831481727870911 0
1691133473319 1.8207103305741037 0
1691133473320 1.810157517305881 0
1691133473321 1.7998104941645248 0
1691133473322 1.7894316291594237 0
1691133473323 1.779471269218205 0
1691133473324 1.7694738303484017 0
1691133473324 1.7597621171932687 0
1691133473325 1.750178563575376 0
1691133473326 1.7406966683423117 0
1691133473326 1.7315950048545108 0
1691133473327 1.7224814680499312 0
1691133473328 1.7136724657103095 0
1691133473329 1.7049346011262179 0
1691133473329 1.696356529470021 0
1691133473330 1.6872225274602353 0
1691133473331 1.678312299452306 0
1691133473332 1.6695102326684887 0
1691133473332 1.6609421704661702 0
1691133473333 1.6530817405137896 0
1691133473334 1.6447874397212208 0
1691133473334 1.6366727706745499 0
1691133473335 1.6286963194073114 0
1691133473336 1.6208716772009348 0
1691133473337 1.613199345684789 0
1691133473338 1.6056519855902083 0
1691133473339 1.5983074013981449 0
1691133473340 1.5916395477049685 0
1691133473341 1.5845356835500168 0
1691133473342 1.5780199084124433 0
1691133473343 1.571144858013603 0
1691133473343 1.564364350382381 0
1691133473344 1.5577846066761407 0
1691133473345 1.5512895229286325 0
1691133473346 1.5449216689771368 0
1691133473346 1.5386917841723209 0
1691133473347 1.5324898928403234 0
1691133473348 1.5264696360694987 0
1691133473348 1.5204977845021095 0
1691133473349 1.5146250994006931 0
1691133473350 1.5088836126219063 0
1691133473351 1.503307440462493 0
1691133473351 1.4977739370878722 0
1691133473352 1.492338218774377 0
1691133473353 1.4870145965597676 0
1691133473353 1.4818452653652365 0
1691133473354 1.4766595624258136 0
1691133473355 1.4715512558536135 0
1691133473356 1.466639577417231 0
1691133473357 1.461734091012902 0
1691133473358 1.4569269935879783 0
1691133473360 1.4523490518241557 0
1691133473361 1.4476820963132355 0
1691133473362 1.4431066413610676 0
1691133473363 1.4386025610397786 0
1691133473364 1.434253180375668 0
1691133473366 1.4299486398879242 0
1691133473367 1.4256477760590078 0
1691133473368 1.4214479879846111 0
1691133473369 1.4172398189762767 0
1691133473370 1.4131162715204089 0
1691133473371 1.4091658689189583 0
1691133473372 1.4052263082738479 0
1691133473374 1.4013596374242485 0
1691133473375 1.3974910039407904 0
1691133473376 1.3937576057720094 0
1691133473377 1.390030150141804 0
1691133473378 1.3864244827711685 0
1691133473379 1.3828845329766781 0
1691133473379 1.3794866880206575 0
1691133473380 1.3760547465600805 0
1691133473381 1.3725050416207203 0
1691133473382 1.3691671788843234 0
1691133473383 1.3658886400465287 0
1691133473384 1.3626922810340922 0
1691133473384 1.3595181620029575 0
1691133473385 1.356291938914367 0
1691133473386 1.3532547862380269 0
1691133473387 1.3502056522641226 0
1691133473388 1.347217192449595 0
1691133473389 1.3442529203804887 0
1691133473390 1.3413108159217155 0
1691133473391 1.3384660347173551 0
1691133473393 1.3356463286710811 0
1691133473394 1.3328983190423638 0
1691133473395 1.3300356181829063 0
1691133473396 1.3273824992410073 0
1691133473397 1.3247233970457524 0
1691133473398 1.3221524666568687 0
1691133473398 1.319465809347815 0
1691133473399 1.3167334398165975 0
1691133473400 1.314294506079919 0
1691133473401 1.3118373795148062 0
1691133473401 1.3094756607018072 0
1691133473402 1.3069367552533362 0
