1691133000038 1.887346580897188 0
1691133000039 1.8741873476802975 0
1691133000039 1.8612857197686181 0
1691133000040 1.8486023757375332 0
1691133000041 1.8362024885124666 0
1691133000042 1.8240119605763552 0
1691133000042 1.8120923899458452 0
1691133000043 1.8003934771276568 0
1691133000043 1.7888123284129 0
1691133000044 1.7774236152167595 0
1691133000045 1.766342046613704 0
1691133000045 1.7553451512778395 0
1691133000046 1.7445327396756263 0
1691133000047 1.7339360198796605 0
1691133000047 1.7235979739859868 0
1691133000048 1.713351589785774 0
1691133000049 1.7032727469431257 0
1691133000049 1.6935143153927494 0
1691133000050 1.6838250073334213 0
1691133000051 1.6743555304880668 0
1691133000051 1.665065860989205 0
1691133000052 1.6559814475746324 0
1691133000053 1.64703160665543 0
1691133000053 1.6383018853056825 0
1691133000054 1.6296031346178006 0
1691133000055 1.6211543265074853 0
1691133000055 1.612716875910331 0
1691133000056 1.6045912085602005 0
1691133000057 1.5959031741036305 0
1691133000058 1.5873829386784062 0
1691133000059 1.579033910761821 0
1691133000059 1.57084610190604 0
1691133000060 1.5628225444771695 0
1691133000061 1.5549509398696695 0
1691133000061 1.5472333101269677 0
1691133000062 1.539667525975673 0
1691133000063 1.5322709913987413 0
1691133000063 1.5250201175665958 0
1691133000064 1.5178868595709942 0
1691133000064 1.510889898763959 0
1691133000065 1.5040239578028445 0
1691133000066 1.4972921233853524 0
1691133000066 1.4907159127451763 0
1691133000067 1.4842432977144433 0
1691133000068 1.4779195931385787 0
1691133000068 1.4716630973096572 0
1691133000069 1.4655510277072454 0
1691133000070 1.4595392186866099 0
1691133000071 1.4536115364106985 0
1691133000071 1.4476255226488337 0
1691133000072 1.4419763047693253 0
1691133000073 1.4362191147447636 0
1691133000074 1.4305905351435226 0
1691133000074 1.4252241132520775 0
1691133000075 1.4198221767141823 0
1691133000076 1.4146041071699127 0
1691133000077 1.409398509980996 0
1691133000077 1.4043464694205736 0
1691133000078 1.3993541076465974 0
1691133000079 1.3944244340420942 0
1691133000079 1.3896896009518904 0
1691133000080 1.3848830693334144 0
1691133000081 1.3801955580985479 0
1691133000082 1.3756804671290765 0
1691133000082 1.371162825093012 0
1691133000083 1.3668308844371295 0
1691133000084 1.3624658776809002 0
1691133000085 1.3581958493473372 0
1691133000085 1.3540823356349525 0
1691133000086 1.3499486562549747 0
1691133000087 1.3459006985904414 0
1691133000088 1.3419986522287224 0
1691133000088 1.3380491514399488 0
1691133000089 1.3341624070479792 0
1691133000090 1.3302692009230377 0
1691133000090 1.3265037172164957 0
1691133000091 1.3225474991342314 0
1691133000092 1.3189647840191883 0
1691133000093 1.315411429470373 0
1691133000093 1.3116545094730458 0
1691133000094 1.308212857071339 0
1691133000095 1.3046246819625467 0
1691133000096 1.3011672101320821 0
1691133000096 1.2976298073754056 0
1691133000097 1.2943211710310583 0
1691133000098 1.291077445016317 0
1691133000098 1.2879366204148432 0
1691133000099 1.2846213768797723 0
1691133000100 1.2815214140874238 0
1691133000101 1.2784531817242502 0
1691133000101 1.2752985811203328 0
1691133000102 1.272305047257373 0
1691133000103 1.2694143643480322 0
1691133000104 1.2664044243069303 0
1691133000104 1.263249148097948 0
1691133000105 1.2601293564084328 0
1691133000106 1.2572674766138676 0
1691133000106 1.2544297523674222 0
1691133000107 1.2514288089310168 0
1691133000108 1.2487001437787852 0
