1691131062222 1.8886398269984055 0
1691131062223 1.8767488316605567 0
1691131062224 1.8650944671299308 0
1691131062225 1.8536769484626878 0
1691131062226 1.8424653694540627 0
1691131062226 1.8314817278709115 0
1691131062227 1.8207103305741041 0
1691131062228 1.8101575173058813 0
1691131062229 1.7998104941645248 0
1691131062229 1.7894316291594239 0
1691131062230 1.779471269218205 0
1691131062231 1.7694738303484017 0
1691131062231 1.7597621171932687 0
1691131062232 1.7501785635753764 0
1691131062233 1.740696668342312 0
1691131062234 1.731595004854511 0
1691131062234 1.7224814680499316 0
1691131062235 1.7136724657103095 0
1691131062236 1.7049346011262179 0
1691131062237 1.6963565294700216 0
1691131062237 1.6872225274602353 0
1691131062238 1.6783122994523068 0
1691131062239 1.6695102326684894 0
1691131062240 1.6609421704661707 0
1691131062240 1.6530817405137899 0
1691131062241 1.6447874397212214 0
1691131062242 1.6366727706745503 0
1691131062243 1.628696319407312 0
1691131062243 1.6208716772009348 0
1691131062244 1.6131993456847895 0
1691131062245 1.6056519855902087 0
1691131062246 1.598307401398145 0
1691131062247 1.5916395477049685 0
1691131062248 1.584535683550017 0
1691131062249 1.5780199084124436 0
1691131062250 1.5711448580136034 0
1691131062250 1.5643643503823814 0
1691131062251 1.5577846066761414 0
1691131062252 1.5512895229286328 0
1691131062253 1.5449216689771368 0
1691131062253 1.5386917841723209 0
1691131062254 1.5324898928403237 0
1691131062255 1.526469636069499 0
1691131062256 1.5204977845021095 0
1691131062256 1.5146250994006931 0
1691131062257 1.5088836126219065 0
1691131062258 1.5033074404624933 0
1691131062258 1.4977739370878724 0
1691131062259 1.4923382187743774 0
1691131062260 1.4870145965597679 0
1691131062261 1.481845265365237 0
1691131062261 1.4766595624258136 0
1691131062262 1.4715512558536137 0
1691131062263 1.4666395774172314 0
1691131062264 1.4617340910129022 0
1691131062264 1.4569269935879783 0
1691131062265 1.4523490518241557 0
1691131062266 1.4476820963132355 0
1691131062266 1.4431066413610678 0
1691131062267 1.4386025610397788 0
1691131062268 1.4342531803756682 0
1691131062269 1.4299486398879242 0
1691131062270 1.425647776059008 0
1691131062270 1.4214479879846111 0
1691131062271 1.417239818976277 0
1691131062272 1.4131162715204089 0
1691131062273 1.4091658689189583 0
1691131062273 1.405226308273848 0
1691131062274 1.4013596374242487 0
1691131062275 1.3974910039407906 0
1691131062276 1.3937576057720094 0
1691131062277 1.390030150141804 0
1691131062277 1.3864244827711687 0
1691131062278 1.3828845329766781 0
1691131062279 1.3794866880206575 0
1691131062279 1.376054746560081 0
1691131062280 1.3725050416207205 0
1691131062281 1.3691671788843232 0
1691131062282 1.3658886400465289 0
1691131062282 1.3626922810340922 0
1691131062283 1.3595181620029577 0
1691131062284 1.356291938914367 0
1691131062284 1.3532547862380269 0
1691131062285 1.3502056522641226 0
1691131062286 1.3472171924495953 0
1691131062287 1.3442529203804887 0
1691131062287 1.3413108159217155 0
1691131062288 1.3384660347173554 0
1691131062289 1.3356463286710811 0
1691131062290 1.3328983190423638 0
1691131062290 1.3300356181829063 0
1691131062291 1.3273824992410073 0
1691131062292 1.3247233970457524 0
1691131062292 1.322152466656869 0
1691131062293 1.3194658093478153 0
1691131062294 1.316733439816598 0
1691131062295 1.314294506079919 0
1691131062295 1.3118373795148064 0
1691131062296 1.3094756607018074 0
1691131062297 1.3069367552533362 0
