1691132991360 1.8886398269984055 0
1691132991361 1.8767488316605567 0
1691132991362 1.8650944671299308 0
1691132991362 1.8536769484626876 0
1691132991363 1.8424653694540627 0
1691132991364 1.831481727870911 0
1691132991364 1.8207103305741037 0
1691132991365 1.810157517305881 0
1691132991366 1.7998104941645248 0
1691132991366 1.7894316291594237 0
1691132991367 1.779471269218205 0
1691132991368 1.7694738303484017 0
1691132991368 1.7597621171932687 0
1691132991369 1.750178563575376 0
1691132991370 1.740696668342312 0
1691132991371 1.7315950048545108 0
1691132991371 1.7224814680499312 0
1691132991372 1.7136724657103095 0
1691132991373 1.7049346011262179 0
1691132991373 1.6963565294700216 0
1691132991374 1.6872225274602353 0
1691132991375 1.678312299452306 0
1691132991375 1.669510232668489 0
1691132991376 1.6609421704661707 0
1691132991377 1.6530817405137899 0
1691132991378 1.644787439721221 0
1691132991378 1.6366727706745503 0
1691132991379 1.6286963194073114 0
1691132991380 1.6208716772009348 0
1691132991380 1.6131993456847895 0
1691132991381 1.6056519855902087 0
1691132991382 1.598307401398145 0
1691132991382 1.5916395477049685 0
1691132991383 1.5845356835500168 0
1691132991384 1.5780199084124433 0
1691132991384 1.5711448580136034 0
1691132991385 1.5643643503823814 0
1691132991386 1.5577846066761412 0
1691132991387 1.5512895229286325 0
1691132991388 1.5449216689771368 0
1691132991388 1.5386917841723209 0
1691132991389 1.5324898928403237 0
1691132991390 1.526469636069499 0
1691132991390 1.5204977845021095 0
1691132991391 1.5146250994006931 0
1691132991392 1.5088836126219063 0
1691132991392 1.503307440462493 0
1691132991393 1.4977739370878724 0
1691132991394 1.4923382187743774 0
1691132991394 1.487014596559768 0
1691132991395 1.4818452653652368 0
1691132991396 1.4766595624258136 0
1691132991396 1.4715512558536137 0
1691132991397 1.4666395774172314 0
1691132991397 1.461734091012902 0
1691132991398 1.4569269935879783 0
1691132991399 1.4523490518241557 0
1691132991399 1.4476820963132355 0
1691132991400 1.4431066413610678 0
1691132991401 1.4386025610397788 0
1691132991401 1.4342531803756682 0
1691132991402 1.4299486398879244 0
1691132991403 1.4256477760590078 0
1691132991403 1.4214479879846111 0
1691132991404 1.4172398189762767 0
1691132991405 1.4131162715204089 0
1691132991405 1.4091658689189583 0
1691132991406 1.405226308273848 0
1691132991406 1.401359637424249 0
1691132991407 1.3974910039407906 0
1691132991408 1.3937576057720094 0
1691132991408 1.390030150141804 0
1691132991409 1.3864244827711687 0
1691132991410 1.3828845329766781 0
1691132991410 1.3794866880206575 0
1691132991411 1.376054746560081 0
1691132991412 1.3725050416207205 0
1691132991412 1.3691671788843234 0
1691132991413 1.3658886400465289 0
1691132991414 1.3626922810340925 0
1691132991414 1.3595181620029577 0
1691132991415 1.356291938914367 0
1691132991415 1.3532547862380269 0
1691132991416 1.3502056522641226 0
1691132991417 1.3472171924495953 0
1691132991417 1.344252920380489 0
1691132991418 1.3413108159217155 0
1691132991419 1.3384660347173554 0
1691132991419 1.3356463286710811 0
1691132991420 1.3328983190423638 0
1691132991421 1.3300356181829063 0
1691132991421 1.3273824992410073 0
1691132991422 1.3247233970457524 0
1691132991422 1.322152466656869 0
1691132991423 1.3194658093478153 0
1691132991424 1.316733439816598 0
1691132991424 1.314294506079919 0
1691132991425 1.3118373795148064 0
1691132991426 1.3094756607018074 0
1691132991426 1.3069367552533362 0
