1691131080844 1.8413294439323213 0
1691131080845 1.7875684296541698 0
1691131080846 1.7376033845445795 0
1691131080847 1.6931444936584503 0
1691131080848 1.6488090652522596 0
1691131080849 1.6085883325784072 0
1691131080850 1.5720516889862646 0
1691131080851 1.5386369104601103 0
1691131080852 1.508705787067093 0
1691131080853 1.480879302810423 0
1691131080854 1.4557177334689029 0
1691131080855 1.4330119744780316 0
1691131080856 1.4119737121623936 0
1691131080857 1.3922696734883595 0
1691131080858 1.3743169957683332 0
1691131080859 1.357860893270265 0
1691131080860 1.3426453358340646 0
1691131080861 1.3283633691641004 0
1691131080862 1.3155185973045236 0
1691131080863 1.303200626583284 0
1691131080864 1.2909727935132507 0
1691131080865 1.2805859871029663 0
1691131080866 1.2703816608407925 0
1691131080868 1.2614415711060494 0
1691131080869 1.2525034603804788 0
1691131080870 1.2442572192420511 0
1691131080871 1.2368588021180666 0
1691131080872 1.229759425422569 0
1691131080873 1.2231558771717987 0
1691131080874 1.2168435935304918 0
1691131080875 1.2108798828028033 0
1691131080876 1.2054174123920502 0
1691131080877 1.1994158477152497 0
1691131080878 1.1939355403276803 0
1691131080879 1.188604122591688 0
1691131080880 1.1839012877282875 0
1691131080881 1.1795340945879738 0
1691131080882 1.1742097814737134 0
1691131080884 1.16971043799185 0
1691131080885 1.1660671054038552 0
1691131080886 1.1625143586046958 0
1691131080887 1.1584193271264946 0
1691131080887 1.1549092050922576 0
1691131080889 1.1511283281006983 0
1691131080890 1.1478071383969677 0
1691131080891 1.1447644262211303 0
1691131080892 1.1419766588183176 0
1691131080893 1.139135112760788 0
1691131080894 1.1355915872836047 0
1691131080895 1.1326059485849118 0
1691131080896 1.1304628336738076 0
1691131080897 1.1279015727000903 0
1691131080898 1.1243262325292676 0
1691131080899 1.1220589375027337 0
1691131080900 1.1198018642048548 0
1691131080901 1.1169877655668887 0
1691131080902 1.1150972237850993 0
1691131080902 1.1126791344642042 0
1691131080903 1.1098450829166882 0
1691131080904 1.1071411358784378 0
1691131080905 1.1054757853551571 0
1691131080906 1.103922207020837 0
1691131080907 1.1015865728489052 0
1691131080908 1.099887094986581 0
1691131080909 1.0975429380560482 0
1691131080910 1.0962344532233057 0
1691131080911 1.094805435881036 0
1691131080913 1.0929602431723586 0
1691131080914 1.0908195749338705 0
1691131080915 1.0887493485056772 0
1691131080916 1.086407342389288 0
1691131080918 1.0852461977789776 0
1691131080919 1.0833560184492168 0
1691131080920 1.0820200606053256 0
1691131080922 1.0804781668301646 0
1691131080923 1.0789922934557568 0
1691131080924 1.0772450602531873 0
1691131080925 1.07601127407489 0
1691131080927 1.0747223880460515 0
1691131080928 1.073538413829327 0
1691131080929 1.0720247137689691 0
1691131080931 1.070783154961357 0
1691131080932 1.069031542948757 0
1691131080933 1.0679098758902403 0
1691131080934 1.0666687254441687 0
1691131080936 1.0651780142723766 0
1691131080937 1.064369081309919 0
1691131080938 1.0618669611866438 0
1691131080940 1.0611289122557355 0
1691131080941 1.0587534034969133 0
1691131080943 1.056692812711204 0
1691131080944 1.0560359929508665 0
1691131080945 1.054723034901055 0
1691131080947 1.0536107096799188 0
1691131080948 1.0526681059071354 0
1691131080949 1.0515190917243904 0
1691131080950 1.0495778630756136 0
1691131080951 1.0471844309941045 0
1691131080953 1.0459452980806658 0
1691131080954 1.0448033442490179 0
