1691133014597 1.8349931879087686 0
1691133014597 1.774825631124154 0
1691133014598 1.720102434357207 0
1691133014599 1.6706138415337521 0
1691133014600 1.6250787721579214 0
1691133014600 1.5804260877476874 0
1691133014601 1.540087678088635 0
1691133014602 1.5032374345972372 0
1691133014602 1.470230741815273 0
1691133014603 1.439931179593413 0
1691133014604 1.4118211979454178 0
1691133014605 1.3861420229942942 0
1691133014605 1.3631454247909893 0
1691133014606 1.342008549270557 0
1691133014607 1.3227373272987732 0
1691133014607 1.3047028072042466 0
1691133014608 1.2874733693176559 0
1691133014609 1.2710761918501379 0
1691133014609 1.256652573508498 0
1691133014610 1.2432568691474217 0
1691133014611 1.2300210585474225 0
1691133014612 1.2174541984416742 0
1691133014612 1.2066994316665318 0
1691133014613 1.1970181658905188 0
1691133014614 1.187570355778042 0
1691133014614 1.1772591350081758 0
1691133014615 1.1682245892820229 0
1691133014616 1.1593805359710403 0
1691133014617 1.150116993156715 0
1691133014617 1.1430843708280338 0
1691133014618 1.1360546807810876 0
1691133014619 1.1305427193946003 0
1691133014619 1.1233293381592984 0
1691133014620 1.117787809989996 0
1691133014621 1.110808761099295 0
1691133014622 1.1035124870692758 0
1691133014623 1.0978308798536345 0
1691133014624 1.093869482125306 0
1691133014625 1.0881798185885934 0
1691133014626 1.083162804365111 0
1691133014628 1.0784149164076928 0
1691133014629 1.0731808557737896 0
1691133014630 1.0692309713189458 0
1691133014631 1.0651779157504937 0
1691133014631 1.060304646626683 0
1691133014632 1.0548167003637223 0
1691133014633 1.0502545956783398 0
1691133014633 1.0468907238346874 0
1691133014634 1.0431939545947913 0
1691133014635 1.0403293502256687 0
1691133014635 1.037275124126372 0
1691133014636 1.0328666458200584 0
1691133014637 1.0284436454371666 0
1691133014637 1.025508141850301 0
1691133014638 1.023194313324301 0
1691133014639 1.0198151861995461 0
1691133014639 1.0169857015161496 0
1691133014640 1.013710635640139 0
1691133014641 1.0109179529179713 0
1691133014642 1.007868040083035 0
1691133014642 1.0051771248691783 0
1691133014643 1.002460622524762 0
1691133014644 0.9985229612888707 0
1691133014644 0.9958861099282615 0
1691133014645 0.9927069151732493 0
1691133014646 0.9897827921313814 0
1691133014646 0.9860798668004184 0
1691133014647 0.9837134087188601 0
1691133014648 0.9808250889377563 0
1691133014648 0.9782088262668734 0
1691133014649 0.9756566226761421 0
1691133014650 0.9736734208153113 0
1691133014650 0.9707262842148678 0
1691133014651 0.9686490439924087 0
1691133014652 0.9676163736249536 0
1691133014653 0.9650421353110359 0
1691133014653 0.9639950177028961 0
1691133014654 0.9618841998312572 0
1691133014655 0.9602348556449578 0
1691133014655 0.958162767798973 0
1691133014656 0.9561380999878945 0
1691133014657 0.9543932732874234 0
1691133014657 0.9526200150661701 0
1691133014658 0.9517257584528095 0
1691133014659 0.9496757961997245 0
1691133014659 0.9478637945369993 0
1691133014660 0.9468663737585492 0
1691133014661 0.9459640937602836 0
1691133014662 0.9439679733839023 0
1691133014662 0.9430991114608268 0
1691133014663 0.9409961259863604 0
1691133014664 0.9400785931226565 0
1691133014664 0.9391426809789545 0
1691133014665 0.937667882771458 0
1691133014666 0.93544372378831 0
1691133014667 0.9331929852264551 0
1691133014667 0.9325711588429353 0
1691133014668 0.9311718884796912 0
1691133014669 0.9297555136220399 0
1691133014669 0.9290888023039456 0
