1691131084660 1.8397200305954655 0
1691131084661 1.782794612588515 0
1691131084662 1.7346910097818704 0
1691131084663 1.6884155932528933 0
1691131084663 1.648589433438931 0
1691131084664 1.6093405691414264 0
1691131084665 1.5748374493458288 0
1691131084666 1.541301499656624 0
1691131084666 1.513305140729864 0
1691131084667 1.487078121665218 0
1691131084668 1.460477072048869 0
1691131084669 1.43716405729532 0
1691131084670 1.4154526951582398 0
1691131084670 1.395766079266998 0
1691131084671 1.3774017945350001 0
1691131084672 1.3613661888241717 0
1691131084673 1.345998183925494 0
1691131084673 1.3325972216524982 0
1691131084674 1.3193892210305507 0
1691131084675 1.3069017139451318 0
1691131084676 1.2951555265893764 0
1691131084677 1.2845209150548274 0
1691131084677 1.2749580203129216 0
1691131084678 1.264552325975333 0
1691131084679 1.2558602595004065 0
1691131084680 1.2476967424015426 0
1691131084680 1.2396497588167776 0
1691131084681 1.2333899540184794 0
1691131084682 1.2267302530425173 0
1691131084683 1.2207835346013611 0
1691131084683 1.2147383384987744 0
1691131084684 1.2085651655456164 0
1691131084685 1.2035378980401032 0
1691131084686 1.1987445688704856 0
1691131084687 1.1936740876004783 0
1691131084687 1.1896698968295236 0
1691131084688 1.184392918856998 0
1691131084689 1.1802195264097743 0
1691131084689 1.175642743785844 0
1691131084690 1.171746857865339 0
1691131084691 1.167002348514678 0
1691131084692 1.1631217927827961 0
1691131084693 1.158682039622369 0
1691131084693 1.1550857518464421 0
1691131084694 1.151808537304762 0
1691131084695 1.1497306399043445 0
1691131084695 1.1467429051808296 0
1691131084696 1.144283768733085 0
1691131084697 1.1406897983958324 0
1691131084698 1.1383101796766333 0
1691131084698 1.1349516752456899 0
1691131084699 1.1322516848867956 0
1691131084700 1.1296513867670488 0
1691131084700 1.1271889739918457 0
1691131084701 1.1242804848210959 0
1691131084702 1.1224084010132132 0
1691131084703 1.1209188807193922 0
1691131084703 1.117874618299471 0
1691131084704 1.116172325181754 0
1691131084705 1.1143279615794235 0
1691131084706 1.1127650415755375 0
1691131084706 1.110065680773025 0
1691131084707 1.1079604652202584 0
1691131084708 1.1060585970817502 0
1691131084709 1.10294439726277 0
1691131084709 1.1010229936535032 0
1691131084710 1.0992300316988055 0
1691131084711 1.0974461605074326 0
1691131084711 1.0953168700653602 0
1691131084712 1.0935803411611613 0
1691131084713 1.0909819293439842 0
1691131084714 1.0892735687773931 0
1691131084715 1.087763992629081 0
1691131084715 1.0860303514524579 0
1691131084716 1.0842878710606907 0
1691131084717 1.0819771178896256 0
1691131084718 1.0800757128276144 0
1691131084718 1.078422370260073 0
1691131084719 1.0771232121065766 0
1691131084720 1.075999938751476 0
1691131084721 1.0741655023430918 0
1691131084721 1.0727585782629074 0
1691131084722 1.0715612121111016 0
1691131084723 1.0703563176387463 0
1691131084723 1.068821704557389 0
1691131084724 1.068011026509348 0
1691131084725 1.0662218806828028 0
1691131084726 1.0650829405106113 0
1691131084726 1.0643591422466152 0
1691131084727 1.0623934864044542 0
1691131084728 1.06169550184956 0
1691131084729 1.0602221179263596 0
1691131084729 1.0587390062825888 0
1691131084730 1.0578345450442508 0
1691131084731 1.056362608072758 0
1691131084732 1.0551237764215746 0
1691131084732 1.0535733005535843 0
1691131084733 1.0523142897048205 0
1691131084734 1.0508939889413274 0
1691131084735 1.0497853296879052 0
