1691133488777 1.8413294439323213 0
1691133488778 1.7875684296541698 0
1691133488779 1.7376033845445795 0
1691133488780 1.6931444936584503 0
1691133488782 1.6488090652522596 0
1691133488783 1.6085883325784072 0
1691133488784 1.5720516889862646 0
1691133488785 1.5386369104601105 0
1691133488786 1.508705787067093 0
1691133488788 1.480879302810423 0
1691133488789 1.4557177334689029 0
1691133488790 1.4330119744780314 0
1691133488791 1.4119737121623934 0
1691133488792 1.3922696734883595 0
1691133488794 1.3743169957683332 0
1691133488795 1.357860893270265 0
1691133488796 1.3426453358340646 0
1691133488797 1.3283633691641006 0
1691133488798 1.3155185973045238 0
1691133488799 1.303200626583284 0
1691133488800 1.290972793513251 0
1691133488801 1.2805859871029663 0
1691133488802 1.2703816608407925 0
1691133488803 1.2614415711060492 0
1691133488804 1.2525034603804788 0
1691133488805 1.2442572192420511 0
1691133488806 1.2368588021180666 0
1691133488807 1.229759425422569 0
1691133488808 1.2231558771717987 0
1691133488809 1.2168435935304915 0
1691133488810 1.2108798828028036 0
1691133488811 1.2054174123920505 0
1691133488812 1.1994158477152497 0
1691133488812 1.1939355403276806 0
1691133488813 1.188604122591688 0
1691133488814 1.1839012877282873 0
1691133488815 1.1795340945879738 0
1691133488815 1.1742097814737134 0
1691133488816 1.16971043799185 0
1691133488817 1.1660671054038552 0
1691133488817 1.1625143586046958 0
1691133488818 1.1584193271264946 0
1691133488819 1.1549092050922576 0
1691133488820 1.1511283281006983 0
1691133488821 1.147807138396968 0
1691133488822 1.1447644262211303 0
1691133488822 1.1419766588183176 0
1691133488823 1.139135112760788 0
1691133488824 1.1355915872836047 0
1691133488825 1.1326059485849118 0
1691133488826 1.1304628336738076 0
1691133488826 1.1279015727000903 0
1691133488827 1.1243262325292676 0
1691133488828 1.1220589375027337 0
1691133488829 1.1198018642048548 0
1691133488829 1.1169877655668887 0
1691133488830 1.1150972237850993 0
1691133488831 1.1126791344642042 0
1691133488831 1.1098450829166882 0
1691133488832 1.1071411358784378 0
1691133488833 1.1054757853551571 0
1691133488834 1.103922207020837 0
1691133488834 1.101586572848905 0
1691133488835 1.099887094986581 0
1691133488836 1.0975429380560482 0
1691133488836 1.0962344532233057 0
1691133488837 1.094805435881036 0
1691133488838 1.0929602431723586 0
1691133488838 1.0908195749338705 0
1691133488839 1.0887493485056772 0
1691133488840 1.086407342389288 0
1691133488841 1.0852461977789776 0
1691133488841 1.0833560184492168 0
1691133488842 1.0820200606053256 0
1691133488843 1.0804781668301646 0
1691133488843 1.0789922934557568 0
1691133488844 1.0772450602531873 0
1691133488845 1.07601127407489 0
1691133488845 1.0747223880460515 0
1691133488846 1.0735384138293267 0
1691133488847 1.0720247137689694 0
1691133488847 1.070783154961357 0
1691133488848 1.0690315429487567 0
1691133488849 1.0679098758902406 0
1691133488850 1.0666687254441687 0
1691133488850 1.0651780142723766 0
1691133488851 1.064369081309919 0
1691133488852 1.0618669611866438 0
1691133488852 1.0611289122557355 0
1691133488853 1.0587534034969135 0
1691133488854 1.056692812711204 0
1691133488855 1.0560359929508665 0
1691133488855 1.054723034901055 0
1691133488856 1.0536107096799188 0
1691133488857 1.0526681059071354 0
1691133488858 1.0515190917243904 0
1691133488859 1.0495778630756136 0
1691133488860 1.0471844309941045 0
1691133488860 1.0459452980806658 0
1691133488861 1.0448033442490179 0
