1691133477484 1.8888786301157556 0
1691133477485 1.8772705725440866 0
1691133477485 1.865804113994442 0
1691133477486 1.8541722588675023 0
1691133477487 1.843126890672075 0
1691133477488 1.8321575872401104 0
1691133477488 1.821366247362015 0
1691133477489 1.8109465602097403 0
1691133477490 1.800836990708645 0
1691133477490 1.7906960218358243 0
1691133477491 1.7799974579426465 0
1691133477492 1.7702300381625817 0
1691133477492 1.7605616308055154 0
1691133477493 1.7511279827331525 0
1691133477494 1.741151034973541 0
1691133477494 1.7313946928591204 0
1691133477495 1.7219665188934552 0
1691133477496 1.7131656729763554 0
1691133477496 1.7044733999825088 0
1691133477497 1.6953681517506698 0
1691133477498 1.6872011868513788 0
1691133477498 1.678454380775147 0
1691133477499 1.6704198971847892 0
1691133477500 1.6627757147480007 0
1691133477500 1.6550368255962846 0
1691133477501 1.6475242751165138 0
1691133477502 1.6399136227822386 0
1691133477503 1.6324415926462386 0
1691133477503 1.6253564158275329 0
1691133477504 1.6182053855587262 0
1691133477505 1.6107530967390038 0
1691133477505 1.603966309461543 0
1691133477506 1.5965441773722855 0
1691133477507 1.5893349572103934 0
1691133477507 1.5823481906689358 0
1691133477508 1.5754155292349405 0
1691133477509 1.5686253287488559 0
1691133477509 1.5620106860741918 0
1691133477510 1.5554963872572707 0
1691133477511 1.5491025421900566 0
1691133477511 1.542734652363128 0
1691133477512 1.5364810463234888 0
1691133477513 1.530368312021872 0
1691133477513 1.5244078096532163 0
1691133477514 1.5184149421457618 0
1691133477515 1.51271065795624 0
1691133477516 1.506997914145787 0
1691133477516 1.501391500368227 0
1691133477517 1.4960044022346697 0
1691133477518 1.4905926137562509 0
1691133477519 1.4853682875892262 0
1691133477519 1.4802135799556062 0
1691133477520 1.4751252974389046 0
1691133477521 1.4700267937029377 0
1691133477521 1.4651275990828467 0
1691133477522 1.4603684510108073 0
1691133477523 1.4556443444462095 0
1691133477523 1.4509315434627577 0
1691133477524 1.4462340581408628 0
1691133477525 1.4416889594165456 0
1691133477526 1.4371858133255322 0
1691133477526 1.4326620318421113 0
1691133477527 1.4283439726381921 0
1691133477528 1.4240969810573791 0
1691133477528 1.4198194302398859 0
1691133477529 1.415651939196208 0
1691133477530 1.4116754090375494 0
1691133477530 1.4077134046675948 0
1691133477531 1.4038670148663988 0
1691133477532 1.4000876480790745 0
1691133477533 1.3963639706027244 0
1691133477533 1.392735734104811 0
1691133477534 1.3891313070137652 0
1691133477535 1.3855304872836922 0
1691133477535 1.3819898521256704 0
1691133477536 1.3785384191828034 0
1691133477537 1.3751978049521267 0
1691133477537 1.371764266031209 0
1691133477538 1.3683931258261566 0
1691133477539 1.3651606375457057 0
1691133477539 1.3618781082060922 0
1691133477540 1.3586616808460705 0
1691133477541 1.3554377674930869 0
1691133477541 1.352625447135002 0
1691133477542 1.3495482151814577 0
1691133477543 1.3465714948095595 0
1691133477543 1.3434538227849662 0
1691133477544 1.340541011126344 0
1691133477545 1.3377082486424927 0
1691133477545 1.3350271462018335 0
1691133477546 1.3323424618499389 0
1691133477547 1.329593346001674 0
1691133477548 1.326783562139383 0
1691133477548 1.3242560383513076 0
1691133477549 1.3217746397100771 0
1691133477550 1.3191735886358842 0
1691133477550 1.3165279823321772 0
1691133477551 1.3139210571862265 0
1691133477552 1.311312294350022 0
1691133477552 1.3088514625598966 0
