1691133496362 1.8349931879087686 0
1691133496363 1.774825631124154 0
1691133496364 1.720102434357207 0
1691133496365 1.6706138415337526 0
1691133496366 1.6250787721579214 0
1691133496367 1.5804260877476877 0
1691133496368 1.540087678088635 0
1691133496368 1.5032374345972375 0
1691133496369 1.470230741815273 0
1691133496370 1.439931179593413 0
1691133496371 1.4118211979454178 0
1691133496371 1.3861420229942942 0
1691133496372 1.3631454247909893 0
1691133496373 1.342008549270557 0
1691133496374 1.3227373272987732 0
1691133496375 1.3047028072042466 0
1691133496376 1.2874733693176559 0
1691133496377 1.271076191850138 0
1691133496378 1.2566525735084981 0
1691133496379 1.2432568691474217 0
1691133496380 1.2300210585474225 0
1691133496380 1.2174541984416742 0
1691133496381 1.2066994316665318 0
1691133496382 1.1970181658905188 0
1691133496383 1.187570355778042 0
1691133496383 1.1772591350081758 0
1691133496384 1.1682245892820229 0
1691133496385 1.1593805359710403 0
1691133496386 1.150116993156715 0
1691133496386 1.143084370828034 0
1691133496387 1.1360546807810876 0
1691133496388 1.1305427193946003 0
1691133496388 1.1233293381592984 0
1691133496389 1.117787809989996 0
1691133496390 1.110808761099295 0
1691133496390 1.1035124870692758 0
1691133496391 1.0978308798536345 0
1691133496392 1.093869482125306 0
1691133496392 1.0881798185885931 0
1691133496393 1.083162804365111 0
1691133496394 1.078414916407693 0
1691133496395 1.0731808557737896 0
1691133496395 1.0692309713189458 0
1691133496396 1.0651779157504937 0
1691133496397 1.060304646626683 0
1691133496397 1.0548167003637223 0
1691133496398 1.0502545956783398 0
1691133496399 1.0468907238346874 0
1691133496399 1.0431939545947913 0
1691133496400 1.0403293502256687 0
1691133496401 1.037275124126372 0
1691133496402 1.0328666458200584 0
1691133496403 1.0284436454371666 0
1691133496403 1.025508141850301 0
1691133496404 1.023194313324301 0
1691133496405 1.0198151861995464 0
1691133496406 1.0169857015161496 0
1691133496407 1.013710635640139 0
1691133496408 1.0109179529179713 0
1691133496409 1.007868040083035 0
1691133496410 1.0051771248691783 0
1691133496411 1.002460622524762 0
1691133496413 0.9985229612888707 0
1691133496414 0.9958861099282614 0
1691133496415 0.9927069151732493 0
1691133496416 0.9897827921313814 0
1691133496417 0.9860798668004184 0
1691133496418 0.9837134087188601 0
1691133496419 0.9808250889377563 0
1691133496420 0.9782088262668734 0
1691133496421 0.9756566226761421 0
1691133496421 0.9736734208153114 0
1691133496422 0.9707262842148678 0
1691133496423 0.968649043992409 0
1691133496424 0.9676163736249536 0
1691133496425 0.9650421353110361 0
1691133496426 0.9639950177028961 0
1691133496426 0.9618841998312574 0
1691133496427 0.9602348556449578 0
1691133496428 0.958162767798973 0
1691133496429 0.9561380999878945 0
1691133496430 0.9543932732874234 0
1691133496431 0.9526200150661701 0
1691133496431 0.9517257584528095 0
1691133496432 0.9496757961997245 0
1691133496433 0.9478637945369994 0
1691133496435 0.9468663737585492 0
1691133496436 0.9459640937602835 0
1691133496437 0.9439679733839023 0
1691133496438 0.9430991114608268 0
1691133496438 0.9409961259863604 0
1691133496439 0.9400785931226563 0
1691133496440 0.9391426809789545 0
1691133496441 0.937667882771458 0
1691133496442 0.93544372378831 0
1691133496442 0.9331929852264551 0
1691133496443 0.9325711588429353 0
1691133496444 0.931171888479691 0
1691133496445 0.9297555136220399 0
1691133496446 0.9290888023039456 0
