1691131089175 1.8349931879087686 0
1691131089176 1.774825631124154 0
1691131089177 1.7201024343572069 0
1691131089178 1.6706138415337521 0
1691131089179 1.6250787721579214 0
1691131089179 1.5804260877476874 0
1691131089180 1.540087678088635 0
1691131089181 1.5032374345972372 0
1691131089182 1.470230741815273 0
1691131089182 1.439931179593413 0
1691131089183 1.4118211979454178 0
1691131089184 1.3861420229942942 0
1691131089185 1.3631454247909893 0
1691131089185 1.342008549270557 0
1691131089186 1.3227373272987732 0
1691131089187 1.3047028072042466 0
1691131089188 1.2874733693176559 0
1691131089189 1.271076191850138 0
1691131089189 1.256652573508498 0
1691131089190 1.2432568691474217 0
1691131089191 1.2300210585474225 0
1691131089192 1.2174541984416742 0
1691131089193 1.2066994316665318 0
1691131089193 1.1970181658905188 0
1691131089194 1.187570355778042 0
1691131089195 1.1772591350081758 0
1691131089196 1.1682245892820229 0
1691131089196 1.1593805359710403 0
1691131089197 1.150116993156715 0
1691131089198 1.143084370828034 0
1691131089199 1.1360546807810876 0
1691131089200 1.1305427193946003 0
1691131089201 1.1233293381592984 0
1691131089202 1.117787809989996 0
1691131089204 1.110808761099295 0
1691131089205 1.1035124870692758 0
1691131089206 1.0978308798536345 0
1691131089207 1.093869482125306 0
1691131089208 1.0881798185885934 0
1691131089209 1.083162804365111 0
1691131089210 1.0784149164076928 0
1691131089211 1.0731808557737896 0
1691131089213 1.0692309713189458 0
1691131089214 1.0651779157504937 0
1691131089215 1.060304646626683 0
1691131089216 1.0548167003637223 0
1691131089217 1.0502545956783398 0
1691131089218 1.0468907238346874 0
1691131089219 1.0431939545947913 0
1691131089221 1.0403293502256687 0
1691131089222 1.037275124126372 0
1691131089226 1.0328666458200584 0
1691131089237 1.0284436454371666 0
1691131089238 1.025508141850301 0
1691131089239 1.023194313324301 0
1691131089241 1.0198151861995464 0
1691131089242 1.0169857015161496 0
1691131089243 1.013710635640139 0
1691131089244 1.0109179529179713 0
1691131089245 1.007868040083035 0
1691131089246 1.0051771248691783 0
1691131089247 1.002460622524762 0
1691131089247 0.9985229612888709 0
1691131089248 0.9958861099282614 0
1691131089249 0.9927069151732493 0
1691131089250 0.9897827921313814 0
1691131089252 0.9860798668004184 0
1691131089254 0.9837134087188601 0
1691131089254 0.9808250889377563 0
1691131089255 0.9782088262668734 0
1691131089256 0.9756566226761421 0
1691131089257 0.9736734208153113 0
1691131089258 0.9707262842148678 0
1691131089258 0.9686490439924087 0
1691131089259 0.9676163736249537 0
1691131089260 0.9650421353110359 0
1691131089261 0.9639950177028961 0
1691131089262 0.9618841998312572 0
1691131089262 0.9602348556449578 0
1691131089263 0.958162767798973 0
1691131089264 0.9561380999878945 0
1691131089265 0.9543932732874234 0
1691131089265 0.9526200150661701 0
1691131089266 0.9517257584528095 0
1691131089267 0.9496757961997243 0
1691131089268 0.9478637945369993 0
1691131089269 0.9468663737585492 0
1691131089270 0.9459640937602835 0
1691131089271 0.9439679733839023 0
1691131089271 0.9430991114608265 0
1691131089272 0.9409961259863604 0
1691131089275 0.9400785931226563 0
1691131089276 0.9391426809789543 0
1691131089276 0.9376678827714579 0
1691131089278 0.93544372378831 0
1691131089279 0.9331929852264549 0
1691131089280 0.9325711588429353 0
1691131089281 0.931171888479691 0
1691131089282 0.9297555136220399 0
1691131089289 0.9290888023039454 0
