1691133485063 1.886886893966851 0
1691133485064 1.8731653300584852 0
1691133485065 1.8596649725129089 0
1691133485065 1.8470277532917272 0
1691133485066 1.8345603603311467 0
1691133485067 1.8224011687434012 0
1691133485068 1.8103647079573353 0
1691133485068 1.798638505216011 0
1691133485069 1.7872945991598101 0
1691133485070 1.7754773149563567 0
1691133485071 1.7641497019324286 0
1691133485071 1.7528765616343995 0
1691133485072 1.7426215498907474 0
1691133485073 1.7325815798749147 0
1691133485074 1.722320121033877 0
1691133485074 1.712412720339126 0
1691133485075 1.7023480342064763 0
1691133485076 1.6926007427745708 0
1691133485077 1.6825399302872264 0
1691133485077 1.673085431373952 0
1691133485078 1.6635427012960688 0
1691133485079 1.6552324663904248 0
1691133485080 1.645686933777953 0
1691133485080 1.6369425936134632 0
1691133485081 1.6284125350785648 0
1691133485082 1.619837855304519 0
1691133485083 1.61150043500288 0
1691133485083 1.6028335284138042 0
1691133485084 1.5947925742215736 0
1691133485085 1.5869128431065112 0
1691133485086 1.579100377483777 0
1691133485086 1.5713209476221488 0
1691133485087 1.5637157610368606 0
1691133485088 1.5562656342804693 0
1691133485089 1.5491350792222813 0
1691133485089 1.542265131942039 0
1691133485090 1.5354056630196722 0
1691133485091 1.5280531860806903 0
1691133485092 1.5207728953601611 0
1691133485092 1.5142494108507736 0
1691133485093 1.5077679813196696 0
1691133485094 1.5013301691440777 0
1691133485095 1.494734111713314 0
1691133485095 1.4884020270623481 0
1691133485096 1.481714606059081 0
1691133485097 1.4754241187780397 0
1691133485098 1.469036933256719 0
1691133485098 1.4631122543496111 0
1691133485099 1.4570679725241233 0
1691133485100 1.4510032136725093 0
1691133485101 1.4452068404423069 0
1691133485101 1.4392492471220133 0
1691133485102 1.433411817092663 0
1691133485103 1.4279954795427785 0
1691133485104 1.4225046766136984 0
1691133485104 1.4171978991084917 0
1691133485105 1.4119654420265728 0
1691133485106 1.406632233661811 0
1691133485107 1.401408783349455 0
1691133485107 1.396301255986492 0
1691133485108 1.3913638420272547 0
1691133485109 1.3865740563334699 0
1691133485110 1.3818658296307829 0
1691133485110 1.3771677744707342 0
1691133485111 1.3724374828548709 0
1691133485112 1.3676810625448232 0
1691133485113 1.3632700681718464 0
1691133485114 1.3584680844000898 0
1691133485114 1.3542767888116733 0
1691133485115 1.3500447793310455 0
1691133485116 1.3457777247549207 0
1691133485117 1.3416673540467212 0
1691133485117 1.3376063499314017 0
1691133485118 1.3337544844832856 0
1691133485119 1.3298542994345783 0
1691133485120 1.3260124078338238 0
1691133485120 1.3220096657177816 0
1691133485121 1.3181694288800363 0
1691133485122 1.314457494051003 0
1691133485123 1.310787420469418 0
1691133485123 1.3072771223319881 0
1691133485124 1.3036852504706624 0
1691133485125 1.3003174472807446 0
1691133485126 1.2968355763397217 0
1691133485126 1.293029121184903 0
1691133485127 1.2897690077577553 0
1691133485128 1.2864399641050153 0
1691133485128 1.283149595583895 0
1691133485129 1.2800641953057175 0
1691133485130 1.2769297952761123 0
1691133485130 1.2739601291099334 0
1691133485131 1.2708650188261585 0
1691133485132 1.267947402766365 0
1691133485132 1.2649714623882795 0
1691133485133 1.2619512991932769 0
1691133485134 1.2591220874700422 0
1691133485134 1.2563420278541035 0
1691133485135 1.253617762480592 0
1691133485136 1.2507556923705716 0
1691133485137 1.2479376596346043 0
