1691133010765 1.8417665528530143 0
1691133010766 1.787825396603962 0
1691133010767 1.7400520341089596 0
1691133010768 1.6949448250520212 0
1691133010768 1.6546053995701595 0
1691133010769 1.6142716477536814 0
1691133010770 1.576855213568732 0
1691133010771 1.5434257022877464 0
1691133010772 1.5128635497256937 0
1691133010772 1.4859958347225997 0
1691133010773 1.4603502730313755 0
1691133010774 1.4355828882113042 0
1691133010775 1.4138459392416325 0
1691133010775 1.3938420772418827 0
1691133010776 1.3757162760268622 0
1691133010777 1.3583285505857747 0
1691133010777 1.3431335049900588 0
1691133010778 1.329530873633546 0
1691133010779 1.3167182785969067 0
1691133010779 1.3041242667727013 0
1691133010780 1.292898907972641 0
1691133010781 1.282343620784381 0
1691133010781 1.272548878649294 0
1691133010782 1.263552370183477 0
1691133010783 1.255549327270717 0
1691133010784 1.2473516853798134 0
1691133010784 1.2395076461198415 0
1691133010785 1.2321121306717824 0
1691133010786 1.225340714823622 0
1691133010786 1.2190201867245498 0
1691133010787 1.213759810965329 0
1691133010788 1.2081218872956265 0
1691133010789 1.2018993898931958 0
1691133010790 1.1971212944414416 0
1691133010791 1.1923152421006173 0
1691133010791 1.1870750611666354 0
1691133010792 1.1821057137331927 0
1691133010793 1.1772066330509086 0
1691133010794 1.172564640392279 0
1691133010794 1.1683413058191292 0
1691133010795 1.1644436871964547 0
1691133010796 1.1606606069275973 0
1691133010797 1.1576149595919334 0
1691133010797 1.153768231293943 0
1691133010798 1.1502038025870225 0
1691133010799 1.1467427771172727 0
1691133010800 1.1435911223444661 0
1691133010800 1.1413215143479167 0
1691133010801 1.1387926553326142 0
1691133010802 1.1362856392348364 0
1691133010803 1.1336784057382685 0
1691133010803 1.1318087243090835 0
1691133010804 1.1293569448460445 0
1691133010805 1.126449579940687 0
1691133010806 1.1237848684959915 0
1691133010807 1.1217549100514865 0
1691133010807 1.1183213089519188 0
1691133010808 1.1157801544029213 0
1691133010809 1.1126652013068337 0
1691133010810 1.1102192431279445 0
1691133010810 1.1070038311620247 0
1691133010811 1.1054078149741342 0
1691133010811 1.1032753711787489 0
1691133010812 1.1014456663284906 0
1691133010813 1.099128792878191 0
1691133010814 1.0972478975247648 0
1691133010814 1.096322411572004 0
1691133010815 1.0941308723893435 0
1691133010815 1.0919791362102929 0
1691133010816 1.090597810274983 0
1691133010817 1.0886022632532855 0
1691133010817 1.0860399780693897 0
1691133010818 1.0840603944637495 0
1691133010819 1.0831852383159348 0
1691133010819 1.0817741958996392 0
1691133010820 1.0803787499786632 0
1691133010821 1.0791395790916418 0
1691133010821 1.0777888249112861 0
1691133010822 1.0760937527878398 0
1691133010823 1.0747625328577952 0
1691133010824 1.0731335216268012 0
1691133010825 1.0715863354020412 0
1691133010826 1.0693195026181672 0
1691133010826 1.0673347381265086 0
1691133010827 1.065716008576666 0
1691133010827 1.0648433702376465 0
1691133010828 1.0636609215729476 0
1691133010829 1.0630394874954299 0
1691133010829 1.061140152465814 0
1691133010830 1.0604226110758619 0
1691133010831 1.059047243960658 0
1691133010831 1.0576135011514023 0
1691133010832 1.0561707433354401 0
1691133010833 1.054461623016235 0
1691133010833 1.0534337723172937 0
1691133010834 1.0519598974086712 0
1691133010835 1.051514046588418 0
1691133010835 1.050531153555344 0
1691133010836 1.0483694690860128 0
1691133010837 1.0477600710744355 0
