1691132996018 1.8889680148132957 0
1691132996019 1.8773659870988204 0
1691132996020 1.865542043299586 0
1691132996021 1.854178376006004 0
1691132996021 1.8433039803586417 0
1691132996022 1.8333249450973252 0
1691132996023 1.8222036886564765 0
1691132996023 1.812074218870638 0
1691132996024 1.800874518584666 0
1691132996025 1.7901632884545418 0
1691132996025 1.7801368098318993 0
1691132996026 1.7700491304463064 0
1691132996027 1.7605192872780862 0
1691132996027 1.7510553030052989 0
1691132996028 1.7408909277002629 0
1691132996029 1.731707341587889 0
1691132996030 1.7227255053796595 0
1691132996030 1.7144935506975418 0
1691132996031 1.7058887908789042 0
1691132996031 1.6975021856428576 0
1691132996032 1.689805016095771 0
1691132996033 1.6815292176278576 0
1691132996033 1.673356785115644 0
1691132996034 1.6648802864319043 0
1691132996035 1.657046936378441 0
1691132996035 1.6493260723300196 0
1691132996036 1.64139836630874 0
1691132996037 1.6333864012156503 0
1691132996037 1.6255288803095143 0
1691132996038 1.6177369185724597 0
1691132996039 1.610303479310593 0
1691132996039 1.6027582866796928 0
1691132996040 1.595527622309925 0
1691132996040 1.5885202602503452 0
1691132996041 1.5817014632980877 0
1691132996042 1.5747238076219718 0
1691132996042 1.5681560011843958 0
1691132996043 1.561523574152994 0
1691132996044 1.554889063243077 0
1691132996044 1.548430509581509 0
1691132996045 1.5420248479340435 0
1691132996046 1.53575885734488 0
1691132996046 1.529561100666649 0
1691132996047 1.523501010183469 0
1691132996048 1.5176423903303597 0
1691132996048 1.5117605279760111 0
1691132996049 1.5063209340649488 0
1691132996050 1.5007593483184472 0
1691132996050 1.4953811491249382 0
1691132996051 1.4900186733118033 0
1691132996052 1.484725113547962 0
1691132996052 1.479409083986299 0
1691132996053 1.474108730309 0
1691132996054 1.4690859328329848 0
1691132996054 1.46420175065008 0
1691132996055 1.4594377571493409 0
1691132996056 1.4545694634772466 0
1691132996056 1.4499693402054827 0
1691132996057 1.4455116391576586 0
1691132996058 1.440924290379716 0
1691132996058 1.4364699179031348 0
1691132996059 1.432149978372531 0
1691132996060 1.4278175370514812 0
1691132996061 1.423644190635496 0
1691132996061 1.419307909218938 0
1691132996062 1.4153310061986828 0
1691132996063 1.4112830809316903 0
1691132996063 1.4073517570119403 0
1691132996064 1.4036348674722805 0
1691132996065 1.3998269434391923 0
1691132996065 1.3960857924259644 0
1691132996066 1.392309259096304 0
1691132996067 1.3886979352230306 0
1691132996067 1.3850706994047632 0
1691132996068 1.381487260638158 0
1691132996069 1.3780389511117115 0
1691132996069 1.3746318695279862 0
1691132996070 1.3713219594109036 0
1691132996071 1.3679216205959805 0
1691132996072 1.3645994055394373 0
1691132996072 1.3613432701866721 0
1691132996073 1.358162888839887 0
1691132996074 1.35503384178007 0
1691132996074 1.3519913912631492 0
1691132996075 1.3490261588257426 0
1691132996076 1.3460598423774677 0
1691132996076 1.34303762501997 0
1691132996077 1.3402020325519564 0
1691132996078 1.3373076183717623 0
1691132996079 1.3343638328457517 0
1691132996079 1.3316895475746293 0
1691132996080 1.3288655407559546 0
1691132996081 1.3264359432382815 0
1691132996082 1.3238136859991139 0
1691132996082 1.3212246867986008 0
1691132996083 1.3186152005000271 0
1691132996084 1.316036403266447 0
1691132996084 1.3134098899214295 0
1691132996085 1.3109619120640366 0
1691132996086 1.3084688099848114 0
