1691133003580 1.8876031981049077 0
1691133003581 1.8748173714517518 0
1691133003581 1.8619374053310132 0
1691133003582 1.8493483447907408 0
1691133003583 1.8364563899087256 0
1691133003583 1.8238934950948598 0
1691133003584 1.8121855573096204 0
1691133003585 1.8006217106932911 0
1691133003585 1.7889204814599322 0
1691133003586 1.7776223403851485 0
1691133003587 1.7666125524797853 0
1691133003587 1.7551551279848052 0
1691133003588 1.7446206365971577 0
1691133003589 1.7343680626702809 0
1691133003589 1.7236451283637308 0
1691133003590 1.7134771269257512 0
1691133003591 1.7030108051902553 0
1691133003591 1.6930405428357584 0
1691133003592 1.6829109203646901 0
1691133003593 1.6734370174532769 0
1691133003593 1.664071621900727 0
1691133003594 1.6549808374339436 0
1691133003595 1.6460057817156801 0
1691133003595 1.637381002675752 0
1691133003596 1.6286414808719607 0
1691133003597 1.6201522336211147 0
1691133003597 1.611738384655507 0
1691133003598 1.6035138899041759 0
1691133003599 1.5958117363923001 0
1691133003599 1.5874827447008453 0
1691133003600 1.580037487570983 0
1691133003601 1.5720106336434934 0
1691133003601 1.564588436613053 0
1691133003602 1.557192926808409 0
1691133003603 1.5497515486673346 0
1691133003603 1.542662501079526 0
1691133003604 1.535205064550381 0
1691133003605 1.5284293336329275 0
1691133003605 1.5218224745871116 0
1691133003606 1.5152232565727375 0
1691133003607 1.5086036261125846 0
1691133003607 1.5016468966064764 0
1691133003608 1.494929683310096 0
1691133003609 1.4888391182003307 0
1691133003609 1.482307178173716 0
1691133003610 1.476018735293411 0
1691133003611 1.4696297079105782 0
1691133003611 1.4633839241957267 0
1691133003612 1.4575208144102714 0
1691133003613 1.4516262130642996 0
1691133003613 1.445764247049916 0
1691133003614 1.4401216067868472 0
1691133003615 1.4344501564244123 0
1691133003616 1.428646144011673 0
1691133003616 1.4231537259376945 0
1691133003617 1.418054258174144 0
1691133003618 1.4127867672013514 0
1691133003619 1.407486265008777 0
1691133003619 1.4024477818670316 0
1691133003620 1.3971882807161944 0
1691133003621 1.3921476150451282 0
1691133003621 1.3872040651060893 0
1691133003622 1.3825047671870259 0
1691133003623 1.3777318942682968 0
1691133003623 1.3730788569006476 0
1691133003624 1.368683933080464 0
1691133003624 1.3642513253018018 0
1691133003625 1.3598759565092988 0
1691133003626 1.3555365559418169 0
1691133003626 1.3511426068554646 0
1691133003627 1.3470308947607355 0
1691133003628 1.3427961311007863 0
1691133003628 1.3387449448182156 0
1691133003629 1.3348749757753051 0
1691133003630 1.330904529349693 0
1691133003630 1.3271068609112884 0
1691133003631 1.323283335640972 0
1691133003631 1.319681191567649 0
1691133003632 1.3157120992156468 0
1691133003633 1.3120537587981895 0
1691133003633 1.3083940552827538 0
1691133003634 1.3048899267024863 0
1691133003635 1.3012376228132936 0
1691133003635 1.2978833571058654 0
1691133003636 1.294393069679446 0
1691133003637 1.2908957220571733 0
1691133003637 1.2876122096349238 0
1691133003638 1.2843312108324736 0
1691133003639 1.2811454613844298 0
1691133003639 1.278043497465115 0
1691133003640 1.2749318528339517 0
1691133003640 1.2719110862016443 0
1691133003641 1.2689249934904132 0
1691133003642 1.2660172394197948 0
1691133003642 1.2629464508245383 0
1691133003643 1.2600996761536392 0
1691133003644 1.2574265781260243 0
1691133003644 1.2547483890919082 0
1691133003645 1.2518926093592124 0
1691133003646 1.249138528808136 0
